%% Ethanol
rho_ethanol = 0.7893;% g/cm3 (at 20 °C)
E = 20e3; % eV
delta_ethanol = 2.63482377E-07  ;
beta_ethanol = 9.18243745E-11;

%% H20
rho_H2O = 0.9970474; % g/mL at 25 °C;
delta_H2O = 3.41039822E-07;
beta_H2O = 1.53545829E-10;

